# Created by Octave 4.2.2, Sat May 30 17:18:09 2020 EDT <india@india-Lenovo-ideapad-330-15IKB>
# name: ans
# type: sq_string
# elements: 1
# length: 11
/home/india


# name: t
# type: matrix
# rows: 1
# columns: 99
 0 0.01 0.02 0.03 0.04 0.05 0.06 0.07000000000000001 0.08 0.09 0.1 0.11 0.12 0.13 0.14 0.15 0.16 0.17 0.18 0.19 0.2 0.21 0.22 0.23 0.24 0.25 0.26 0.27 0.28 0.29 0.3 0.31 0.32 0.33 0.34 0.35 0.36 0.37 0.38 0.39 0.4 0.41 0.42 0.43 0.44 0.45 0.46 0.47 0.48 0.49 0.5 0.51 0.52 0.53 0.54 0.55 0.5600000000000001 0.5700000000000001 0.58 0.59 0.6 0.61 0.62 0.63 0.64 0.65 0.66 0.67 0.68 0.6900000000000001 0.7000000000000001 0.71 0.72 0.73 0.74 0.75 0.76 0.77 0.78 0.79 0.8 0.8100000000000001 0.8200000000000001 0.8300000000000001 0.84 0.85 0.86 0.87 0.88 0.89 0.9 0.91 0.92 0.93 0.9400000000000001 0.9500000000000001 0.96 0.97 0.98


# name: y1
# type: matrix
# rows: 1
# columns: 99
 0 0.2486898871648548 0.4817536741017153 0.6845471059286886 0.8443279255020151 0.9510565162951535 0.9980267284282716 0.9822872507286886 0.9048270524660195 0.7705132427757893 0.5877852522924732 0.3681245526846781 0.1253332335643045 -0.1253332335643043 -0.3681245526846783 -0.587785252292473 -0.7705132427757894 -0.9048270524660198 -0.9822872507286887 -0.9980267284282716 -0.9510565162951536 -0.8443279255020155 -0.6845471059286889 -0.4817536741017153 -0.2486898871648553 -2.449293598294706e-16 0.2486898871648549 0.4817536741017157 0.6845471059286893 0.8443279255020147 0.9510565162951535 0.9980267284282716 0.9822872507286886 0.9048270524660192 0.7705132427757886 0.5877852522924734 0.368124552684678 0.1253332335643039 -0.1253332335643032 -0.3681245526846773 -0.5877852522924728 -0.7705132427757893 -0.9048270524660189 -0.9822872507286885 -0.9980267284282716 -0.9510565162951538 -0.8443279255020151 -0.6845471059286885 -0.4817536741017163 -0.2486898871648556 -4.898587196589413e-16 0.2486898871648547 0.4817536741017154 0.6845471059286891 0.8443279255020155 0.951056516295154 0.9980267284282717 0.9822872507286886 0.90482705246602 0.7705132427757898 0.5877852522924736 0.3681245526846782 0.1253332335643041 -0.1253332335643029 -0.3681245526846787 -0.5877852522924726 -0.7705132427757901 -0.9048270524660196 -0.9822872507286891 -0.9980267284282716 -0.9510565162951538 -0.8443279255020162 -0.6845471059286886 -0.4817536741017165 -0.2486898871648541 -7.347880794884119e-16 0.2486898871648527 0.4817536741017152 0.6845471059286876 0.8443279255020154 0.9510565162951533 0.9980267284282717 0.9822872507286887 0.9048270524660187 0.7705132427757911 0.5877852522924738 0.3681245526846801 0.1253332335643044 -0.1253332335643027 -0.3681245526846785 -0.5877852522924725 -0.77051324277579 -0.9048270524660195 -0.9822872507286891 -0.9980267284282716 -0.9510565162951539 -0.8443279255020163 -0.6845471059286888 -0.4817536741017168


# name: y2
# type: matrix
# rows: 1
# columns: 99
 1 0.9685831611286311 0.8763066800438636 0.7289686274214116 0.5358267949789965 0.3090169943749475 0.06279051952931353 -0.1873813145857248 -0.4257792915650727 -0.6374239897486897 -0.8090169943749473 -0.9297764858882513 -0.9921147013144778 -0.9921147013144779 -0.9297764858882512 -0.8090169943749476 -0.6374239897486895 -0.4257792915650722 -0.1873813145857246 0.06279051952931283 0.3090169943749472 0.535826794978996 0.7289686274214112 0.8763066800438636 0.968583161128631 1 0.9685831611286311 0.8763066800438634 0.728968627421411 0.5358267949789972 0.3090169943749477 0.06279051952931332 -0.187381314585725 -0.4257792915650733 -0.6374239897486905 -0.8090169943749472 -0.9297764858882515 -0.9921147013144779 -0.992114701314478 -0.9297764858882517 -0.8090169943749477 -0.6374239897486897 -0.425779291565074 -0.1873813145857257 0.0627905195293126 0.309016994374947 0.5358267949789965 0.7289686274214117 0.876306680043863 0.968583161128631 1 0.9685831611286312 0.8763066800438635 0.7289686274214111 0.5358267949789959 0.3090169943749462 0.06279051952931179 -0.1873813145857248 -0.4257792915650715 -0.637423989748689 -0.8090169943749471 -0.9297764858882513 -0.9921147013144779 -0.992114701314478 -0.9297764858882511 -0.8090169943749478 -0.6374239897486885 -0.4257792915650726 -0.1873813145857225 0.06279051952931412 0.3090169943749468 0.5358267949789949 0.7289686274214116 0.8763066800438629 0.9685831611286313 1 0.9685831611286316 0.8763066800438636 0.7289686274214126 0.5358267949789961 0.3090169943749482 0.06279051952931204 -0.1873813145857245 -0.4257792915650745 -0.6374239897486874 -0.8090169943749469 -0.9297764858882506 -0.9921147013144778 -0.992114701314478 -0.9297764858882512 -0.8090169943749479 -0.6374239897486887 -0.4257792915650728 -0.1873813145857227 0.06279051952931387 0.3090169943749466 0.5358267949789947 0.7289686274214113 0.8763066800438628


